PSEUDOPILOT:ALL

AIRPORT_ALT:136

ILS24:55.9560884:-3.3546135:55.9438540:-3.3907010
    ILS06:55.9437922:-3.3908724:55.9561296:-3.3544421
    ILS:55.9513586:-3.3594437:118.0
    ILS:55.9436373:-3.3341400:298.0

